2.4544
2.6041
2.4404
2.0659
2.3340
2.5116
2.3569
2.1857
2.5263
1.0895
1.3667
1.4193
1.3115
1.4566
1.4580
1.6217
1.1302
1.7767
1.2172
1.2964
1.3885
1.2358
1.3871
1.3897
1.3885
1.1773
1.5400
0.8746
1.4814
1.4831
1.2822
1.4758
1.3143
1.3621
0.7575
1.7322
0.9694
1.3391
1.3891
1.5359
1.3926
1.2675
1.5498
0.4257
1.6507
-nan
-nan
-nan
-nan
-nan
-nan
-nan
-nan
-nan
1.6068
1.6812
1.7282
1.8179
1.7570
1.8213
1.7993
1.1056
1.9361
-nan
-nan
-nan
-nan
-nan
-nan
-nan
-nan
-nan
0.2590
0.5551
1.0085
0.5792
0.6412
0.9622
0.6195
0.5254
1.3627
0.8997
1.0719
1.1926
1.2384
1.1234
1.1858
1.0762
0.8169
0.9251
0.6270
0.5971
1.1736
1.1997
0.5884
0.8596
0.4971
0.1221
1.2611
2.6764
2.6553
2.6804
2.6907
2.7603
2.7063
2.6763
2.5383
2.6829
-nan
-nan
-nan
-nan
-nan
-nan
-nan
-nan
-nan
1.9038
2.1017
1.9082
2.0337
2.1143
2.0787
2.1095
1.7850
2.0748
1.8378
2.1464
2.0079
2.0114
1.9242
1.9243
2.0393
1.8061
2.2183
0.8675
1.1476
1.1313
1.1176
1.1867
1.2277
1.3211
0.7985
1.3281
1.7477
2.1297
2.0284
2.1346
2.1179
1.8083
2.1118
1.8272
2.4928
1.0007
1.3398
1.2265
1.2895
1.3697
1.2244
1.4204
0.6708
1.5202
1.2303
1.5121
1.5017
1.7109
1.5879
1.4727
1.6468
0.9859
1.7441
2.0185
2.1319
2.1372
2.2718
2.1455
2.1462
2.3934
1.3342
2.3464
0.7736
1.5721
1.6348
1.8266
2.1264
1.8841
2.0710
1.2129
2.1876
-nan
-nan
-nan
-nan
-nan
-nan
-nan
-nan
-nan
0.8406
1.0386
1.0957
1.0133
1.0472
1.0536
1.0966
0.3107
1.3356
-nan
-nan
-nan
-nan
-nan
-nan
-nan
-nan
-nan
0.2556
0.4225
0.3320
0.3461
0.7731
0.5902
0.8225
0.0259
1.0916
0.6113
0.7420
0.4880
0.7735
0.5747
0.6552
0.6310
0.4096
0.8577
0.5699
0.9550
1.2772
1.2093
1.1907
1.3372
1.3055
0.4555
1.3337
0.8264
0.8759
1.2483
1.1529
1.1169
0.9157
1.2091
0.4045
1.0310
1.1070
1.1770
0.9181
1.1041
1.1781
1.1040
1.0178
0.3313
1.0321
0.8303
0.9977
1.0888
1.2695
1.2100
1.1984
1.2773
0.3911
1.4997
1.1479
1.2953
1.2351
1.5691
1.4681
1.3976
1.3774
0.3444
1.5631
1.2123
1.5286
1.6395
1.3628
1.5595
1.6093
1.6588
1.1354
1.6854
0.7125
1.2471
1.0455
1.0667
1.2950
1.1319
1.3787
0.4088
1.3287
0.6980
0.9662
1.1126
1.3142
1.1661
1.2034
1.2951
0.7701
1.2884
1.3137
1.2172
1.2016
1.8922
1.0428
0.9451
1.0750
0.5125
1.1717
0.6668
0.9509
0.7162
1.0413
1.0299
1.0877
1.1301
0.5250
1.2655
-nan
-nan
-nan
-nan
-nan
-nan
-nan
-nan
-nan
1.0931
1.4362
1.3235
1.3282
1.5480
1.5246
1.5579
1.0363
1.4845
