2.2172
2.4299
2.4467
2.4562
2.4261
2.3934
2.5035
2.2472
2.4298
-nan
-nan
-nan
-nan
-nan
-nan
-nan
-nan
-nan
3.8000
3.8561
3.9050
3.9616
3.8906
3.6468
3.9344
3.8242
3.9031
2.3777
2.5002
2.4267
2.5558
2.5178
2.5014
2.5220
2.4880
2.4905
2.9783
3.0900
2.9725
3.0847
3.0488
3.1136
3.0752
2.9581
3.0612
-nan
-nan
-nan
-nan
-nan
-nan
-nan
-nan
-nan
1.9735
2.1363
2.0497
2.1145
2.0849
2.0755
2.0933
1.8388
2.0519
1.8921
1.9405
1.9355
1.9954
1.9307
1.9759
1.9741
1.9040
1.9235
3.2157
2.8447
3.1280
3.1191
3.2546
3.1797
3.2276
2.5278
2.9019
2.0031
2.2319
2.1754
2.3202
2.2228
2.1804
2.3058
2.0632
2.2342
2.0117
2.3115
2.4300
2.2483
2.4518
2.3829
2.4277
2.1666
2.3740
1.0219
1.2156
1.1909
1.2211
1.2589
1.2296
1.2693
1.2614
1.1116
2.0589
2.2136
2.2102
2.2845
2.2947
2.3045
2.2595
2.2669
2.2495
-nan
-nan
-nan
-nan
-nan
-nan
-nan
-nan
-nan
1.3731
2.2658
2.1705
2.2008
2.0565
2.1650
2.2341
2.1068
2.2240
2.3306
2.7512
2.3051
2.5805
2.6733
2.7986
2.4593
2.0646
2.6692
2.3816
2.4225
2.4078
2.4065
2.4593
2.4825
2.4663
2.4456
2.4354
2.2786
2.4134
2.3424
2.4277
2.4028
2.3851
2.3185
2.2319
2.3857
-nan
-nan
-nan
-nan
-nan
-nan
-nan
-nan
-nan
2.1199
1.9232
2.0823
2.1174
2.1776
2.0686
2.1130
1.8516
2.1171
2.3566
2.3497
2.4323
2.4894
2.3582
2.3829
2.3188
2.2853
2.6213
2.8303
2.8007
2.7753
2.6870
2.8209
2.9096
2.6901
2.8705
2.8778
2.3650
2.3889
2.3991
2.5047
2.4207
2.3521
2.4032
2.3316
2.3652
2.6490
2.7180
2.7341
2.7799
2.8057
2.7906
2.7188
2.8045
2.6990
0.9601
1.4521
1.3431
1.3749
1.6741
1.4966
1.4988
1.3874
1.7111
2.1078
2.2717
2.2814
2.2785
2.4148
2.3786
2.4082
2.3894
2.2674
2.0122
2.0908
2.0838
2.1116
2.1282
2.0922
2.1258
2.1064
2.0745
1.9145
2.0729
2.1820
2.0329
2.0841
2.1267
2.1286
1.9190
2.1714
-nan
-nan
-nan
-nan
-nan
-nan
-nan
-nan
-nan
-nan
-nan
-nan
-nan
-nan
-nan
-nan
-nan
-nan
1.7798
1.9748
1.8737
1.8971
1.9515
1.9445
1.9591
1.7872
1.6482
2.9361
3.2797
3.1983
3.4237
3.3034
3.4523
3.4062
3.2254
3.4646
1.0562
1.2289
1.2465
1.2716
1.4163
1.3972
1.4383
1.1671
1.1038
2.7564
2.7082
2.7587
2.7649
2.6916
2.7796
2.7697
2.7128
2.8152
2.1144
2.2635
2.2717
2.3173
2.3323
2.3328
2.3805
2.3140
2.3336
2.7125
2.8384
2.8303
2.8574
2.8968
2.8945
2.8834
2.8812
2.9062
2.0805
2.1240
2.1790
2.1671
2.2394
2.2055
2.2164
2.0867
2.2477
2.2872
2.5265
2.5276
2.5176
2.4962
2.4956
2.4108
2.5713
2.5102
1.3792
1.7392
1.8420
2.0786
1.8646
2.0080
1.7799
2.0083
1.7612
-nan
-nan
-nan
-nan
-nan
-nan
-nan
-nan
-nan
0.5612
0.8582
1.4306
1.5439
1.4218
1.1928
1.4005
1.5367
1.3875
1.0799
1.5289
1.4178
1.6204
1.4690
1.4193
1.4953
1.2285
1.4651
2.2885
2.5325
2.4269
2.5600
2.5155
2.4913
2.4874
2.5249
2.5332
1.6039
1.7591
1.8491
2.0196
1.8099
1.8291
1.9616
1.6546
1.6072
