-nan
-nan
-nan
-nan
-nan
-nan
-nan
-nan
-nan
0.6162
0.9395
0.4224
0.5775
1.1590
0.7678
1.2375
0.3759
1.3350
1.4641
1.4950
1.5255
1.4564
1.3999
1.4683
1.4519
0.7013
1.4815
1.9883
2.4547
2.5305
2.2344
2.4085
2.4822
2.4398
1.7643
2.3289
1.1371
1.4924
1.4605
1.2845
1.2656
1.2060
1.5556
0.2998
1.6812
2.3419
2.4263
2.4047
2.5259
2.4648
2.4440
2.5007
2.3112
2.6108
1.8408
2.0882
2.0419
2.0370
2.0176
2.0441
2.1428
1.4444
2.0822
-nan
-nan
-nan
-nan
-nan
-nan
-nan
-nan
-nan
2.1846
2.3455
2.1932
2.0737
2.0747
2.0823
1.9669
1.2832
2.3389
2.1252
2.2827
2.2547
2.2920
2.2289
2.2042
2.3835
1.7346
2.3866
1.0810
1.0744
1.1701
1.2311
1.3371
1.2464
1.3845
1.2932
1.3272
1.1026
1.3738
1.4241
1.4336
1.1874
1.0823
1.3731
0.5520
0.9510
1.3498
1.4715
1.4683
1.4729
1.3602
1.3928
1.6358
0.9385
1.3129
1.8783
1.8822
1.9045
1.3797
1.7211
1.5698
1.7690
0.6172
1.9848
1.3251
1.4901
1.6637
1.0391
1.3038
0.9416
1.5095
0.8931
1.3270
2.2120
2.3350
2.3986
2.2220
2.2369
2.2809
2.2964
2.0693
2.2956
2.4623
2.6912
2.6500
2.3913
2.6521
2.6186
2.6066
1.1407
2.5711
2.6646
2.7128
2.7391
2.8328
2.6987
2.7451
2.7154
2.6400
2.7700
1.0864
1.1818
1.2313
1.2554
1.1681
1.2379
1.2809
0.6455
1.4056
-nan
-nan
-nan
-nan
-nan
-nan
-nan
-nan
-nan
1.6138
1.8454
1.8794
1.6289
1.5514
1.7569
1.8099
0.7274
1.9817
1.5863
2.0720
1.9471
1.9065
1.9743
1.8372
1.9704
1.2706
2.0252
-nan
-nan
-nan
-nan
-nan
-nan
-nan
-nan
-nan
-nan
-nan
-nan
-nan
-nan
-nan
-nan
-nan
-nan
-nan
-nan
-nan
-nan
-nan
-nan
-nan
-nan
-nan
1.1861
1.6392
1.7921
1.6628
1.6821
1.4517
1.6380
0.9029
1.1395
1.0870
1.1895
1.2103
1.2605
1.1809
1.2272
1.1902
0.9552
1.1285
2.5437
2.6169
2.6087
2.5445
2.5991
2.5623
2.5643
2.1985
2.5601
0.8333
0.5899
0.7854
0.9724
1.0087
0.8951
0.8623
0.7390
1.4899
1.3880
1.5599
1.2498
1.0392
1.1032
1.3222
0.9269
0.7037
0.7908
1.0820
1.4904
1.2687
1.1869
1.3642
1.2765
1.2442
0.6349
1.5008
2.0020
1.8627
1.9158
1.7854
1.6987
1.9338
2.0416
0.8197
2.2467
1.9569
1.8838
1.7424
1.7913
1.6449
1.5986
1.7768
1.3875
1.5877
1.1271
1.3978
1.4228
1.3503
1.3891
1.3706
1.4500
1.0153
1.4702
1.6781
1.8950
1.9127
1.6938
1.7999
1.7339
1.9336
0.4776
1.9323
2.0168
2.0304
2.2556
1.7570
2.0372
1.2308
2.2379
1.0669
1.9329
1.2860
1.5274
1.5345
1.5293
1.5304
1.4566
1.6768
0.9288
1.4938
2.1058
1.9688
1.6847
1.9784
1.5442
1.7792
1.8076
1.5417
1.8156
0.6501
1.1201
0.9946
0.8204
1.0224
0.8265
0.9993
0.3157
0.9672
-nan
-nan
-nan
-nan
-nan
-nan
-nan
-nan
-nan
1.6440
2.1179
2.1685
1.9081
1.9819
1.9979
1.1094
1.7745
